[gd_scene format=3 uid="uid://ns5vml6y847k"]

[node name="Node3D" type="Node3D"]

[node name="CSGBox3D" type="CSGBox3D" parent="."]
transform = Transform3D(0.46062455, -0.34801644, 0.81652284, 0.6618233, 0.7476627, -0.054687075, -0.59145147, 0.565584, 0.5747173, 0.011913419, 2.168654, -1.5315306)
size = Vector3(8.660339, 1, 1)

[node name="CSGBox3D2" type="CSGBox3D" parent="."]
transform = Transform3D(0.46062455, -0.34801644, 0.81652284, 0.6618233, 0.7476627, -0.054687075, -0.59145147, 0.565584, 0.5747173, -2.3496585, 0, 0)
size = Vector3(3.2701416, 1, 1)

[node name="CSGBox3D3" type="CSGBox3D" parent="."]
transform = Transform3D(0.46062455, -0.34801644, 0.81652284, 0.6618233, 0.7476627, -0.054687075, -0.59145147, 0.565584, 0.5747173, -3.6835558, 2.0138066, -1.7996781)
size = Vector3(9.355774, 1, 1)

[node name="CSGBox3D4" type="CSGBox3D" parent="."]
transform = Transform3D(0.46062455, -0.34801644, 0.81652284, 0.6618233, 0.7476627, -0.054687075, -0.59145147, 0.565584, 0.5747173, -7.2112055, 2.0138066, -1.7996781)
size = Vector3(9.355774, 1, 1)
